Run semi-empirical minimization
 &qmmm
    qm_theory='AM1', grms_tol=0.0005,
 scfconv=1.d-10, ndiis_attempts=700,   qmcharge=0,
 /
   6     C       -1.4950        1.0100        0.5010 
   6    C1       -2.8110        1.0810       -0.2780 
   1     H       -2.6420        1.4070       -1.3110 
   1    H1       -3.5000        1.7970        0.1840 
   1    H2       -3.3080        0.1050       -0.3050 
   6    C2       -0.8350        2.3290        0.4750 
   7     N       -0.3170        3.3650        0.4840 
   6    C3       -0.6200       -0.1540       -0.0140 
   1    H3       -1.7460        0.7890        1.5480 
   6    C4        0.8890        0.0980       -0.1100 
   1    H4       -0.9680       -0.4770       -1.0050 
   1    H5       -0.8010       -1.0130        0.6460 
   6    C5        1.6710       -1.2160       -0.1730 
   8     O        2.9940       -1.0600       -0.6790 
   1    H6        1.2470        0.6720        0.7530 
   1    H7        1.1050        0.6990       -1.0020 
   1    H8        1.1660       -1.9230       -0.8400 
   1    H9        1.7140       -1.6850        0.8180 
   6    C6        3.8190       -0.2040        0.0980 
   1   H10        4.8630       -0.4430       -0.1240 
   1   H11        3.6500       -0.3410        1.1700 
   1   H12        3.6400        0.8380       -0.1840 

